958078572
-1035411411
-94503822
1245200401
1069528536
-1204810179
-1237661414
-645790827
444708099
1803034775
859635298
752931975
1118216610
455484736
1854572879
1127422232
-1046774453
-1011774330
-619537353
436600516
2134999838
1644521762
-339209189
1740995893
-256168443
-897324936
-497255019
-436140828
445548625
391900260
-411772259
1848367762
-616499974
-1448929668
-2096174643
478505059
-205391190
1582749135
-30134536
565635133
116813986
682405350
-1448888780
690809321
1097977567
-597617577
-467844644
1357121785
1765012272
-1117922962
-1583388867
318837647
1725381310
-107499204
-1920579501
185594017
1450349043
-1348307036
-1085639254
1763250546
255018686
963503282
-2000194357
161232497
-1591799770
1727408106
-394317360
-1111669922
979175559
2018008565
-23466569
-525909659
1620451753
547446553
-1730388319
-1793504228
982889087
-1925581486
-1275338444
1454355807
1172331100
2115416082
-710747157
-3746901
1870222859
1152658818
-1840178739
1879779118
-2128531226
281430663
-1547302853
-29967049
524648256
676195999
671424576
-923054846
-1130357412
1720024357
49
